before c req/s mean_ms p50_ms p99_ms cpu% cpu_us/request min_rps max_rps success_rps
100 418996.35 0.402 0.135 2.73 599.698 14.313 391480 507306 418996.35
500 423068.3 1.22 0.749 4.42 593.03 14.017 409549 524632 423068.3
1000 412135.99 2.3 2.07 6.24 584.468 14.12 401176 508780 412135.99
5000 366990.93 12.9 13.01 27.27 577.21 15.667 317889 380837 366990.93
after c req/s mean_ms p50_ms p99_ms cpu% cpu_us/request min_rps max_rps success_rps
100 536772.43 0.226 0.124 1.8 557.866 10.459 531661 546601 536772.43
500 564680.75 0.744 0.609 3.44 549.855 9.67 538614 568592 564680.75
1000 568379.44 1.3 1.2 4.2 546.399 9.675 548656 568680 568379.44
5000 390663.27 6.88 6.24 17.24 451.147 11.548 386275 394549 390663.27
before-validation c req/s mean_ms p50_ms p99_ms cpu% cpu_us/request min_rps max_rps success_rps
100 484478.73 0.378 0.122 2.63 603.008 12.447 484479 484479 484478.73
500 511186.75 1.05 0.565 4.3 600.74 11.752 511187 511187 511186.75
1000 480011.32 2.0 1.86 5.78 595.891 12.414 480011 480011 480011.32
5000 362631.32 13.31 13.44 24.64 591.847 16.321 362631 362631 362631.32
after-validation c req/s mean_ms p50_ms p99_ms cpu% cpu_us/request min_rps max_rps success_rps
100 522222.17 0.224 0.126 1.75 560.588 10.735 522222 522222 522222.17
500 550750.83 0.735 0.621 3.2 554.237 10.063 550751 550751 550750.83
1000 550497.16 1.24 1.13 3.58 554.482 10.072 550497 550497 550497.16
5000 386449.15 6.56 6.26 13.58 446.28 11.548 386449 386449 386449.15
